MERGE SORT
After merge:
125 324 456 218 102 389 275 147
125 324 218 456 102 389 275 147
125 218 324 456 102 389 275 147
125 218 324 456 102 389 147 275
125 218 324 456 102 147 275 389
102 125 147 218 275 324 389 456

QUICK SORT (last element as pivot)
Pivot 147 -> 125 102 147 218 324 389 275 456
Pivot 102 -> 102 125 147 218 324 389 275 456
Pivot 456 -> 102 125 147 218 324 389 275 456
Pivot 275 -> 102 125 147 218 275 389 324 456
Pivot 324 -> 102 125 147 218 275 324 389 456
Pivot 389 -> 102 125 147 218 275 324 389 456

Final sorted sequence:
102 125 147 218 275 324 389 456
